overlap
2451
2269
2481
2356
2431
2439
2383
2400
2417
2466
2357
2379
2334
2397
2388
2431
2395
2401
2414
2396
2391
2459
2372
2389
2421
2417
2427
2370
2319
2339
2358
2380
2383
2301
2444
2432
2416
2422
2367
2516
2327
2402
2426
2395
2415
2440
2330
2398
2359
2409
2479
2457
2408
2428
2405
2361
2440
2428
2349
2368
2376
2395
2314
2359
2400
2418
2437
2387
2430
2421
2403
2360
2399
2392
2425
2324
2439
2365
2419
2416
2468
2336
2480
2406
2355
2452
2435
2443
2450
2496
2457
2341
2403
2483
2451
2353
2483
2387
2378
2435
2336
2503
2472
2412
2338
2386
2413
2437
2424
2383
2363
2353
2437
2405
2395
2410
2338
2471
2341
2437
2315
2377
2478
2413
2415
2441
2403
2482
2315
2431
2409
2451
2392
2469
2401
2413
2346
2308
2294
2405
2450
2432
2427
2535
2364
2312
2458
2411
2376
2419
2396
2406
2398
2385
2357
2394
2387
2462
2407
2523
2341
2241
2418
2299
2270
2409
2410
2345
2377
2385
2430
2399
2362
2384
2328
2385
2452
2357
2391
2395
2362
2408
2353
2486
2374
2447
2396
2365
2335
2382
2388
2460
2413
2405
2392
2444
2429
2456
2344
2467
2362
2392
2434
2357
2433
2458
2461
2416
2400
2346
2397
2499
2417
2439
2352
2455
2390
2443
2382
2388
2410
2433
2452
2386
2369
2325
2387
2405
2447
2437
2408
2413
2503
2433
2473
2421
2416
2396
2455
2468
2406
2457
2370
2415
2397
2440
2359
2335
2440
2391
2458
2421
2372
2397
2348
2322
2392
2384
2503
2386
2402
2412
2390
2414
2384
2340
2372
2358
2375
2374
2530
2496
2415
2420
2394
2364
2460
2429
2281
2343
2309
2442
2461
2402
2471
2488
2455
2434
2457
2496
2352
2449
2484
2427
2413
2404
2489
2300
2422
2449
2360
2451
2390
2443
2326
2412
2445
2363
2410
2405
2378
2398
2345
2378
2448
2366
2390
2370
2341
2390
2416
2328
2378
2413
2400
2365
2335
2316
2433
2447
2372
2363
2312
2314
2415
2521
2451
2366
2344
2401
2350
2440
2396
2312
2430
2434
2441
2426
2417
2482
2344
2398
2477
2408
2464
2366
2376
2436
2422
2396
2397
2332
2462
2427
2505
2493
2356
2348
2368
2337
2388
2432
2454
2519
2411
2340
2355
2421
2425
2433
2344
2356
2408
2458
2343
2544
2375
2408
2438
2361
2447
2474
2394
2405
2422
2379
2403
2392
2521
2371
2424
2424
2437
2409
2333
2455
2348
2368
2434
2364
2336
2464
2391
2318
2415
2413
2372
2283
2410
2404
2428
2492
2463
2394
2324
2386
2330
2393
2452
2436
2517
2446
2435
2457
2449
2439
2418
2354
2389
2329
2342
2452
2345
2410
2389
2362
2429
2521
2403
2357
2443
2425
2363
2460
2437
2456
2331
2409
2418
2235
2488
2441
2441
2452
2413
2383
2469
2390
2467
2400
2435
2459
2351
2386
2400
2370
2453
2417
2326
2466
2455
2395
2395
2392
2390
2385
2428
2378
2302
2356
2434
2386
2483
2384
2364
2344
2447
2432
2366
2350
2420
2414
2360
2406
2512
2388
2394
2389
2405
2456
2449
2413
2356
2397
2383
2441
2382
2431
2437
2454
2456
2302
2399
2512
2450
2481
2374
2405
2412
2375
2478
2343
2364
2340
2352
2353
2447
2416
2358
2399
2358
2408
2375
2433
2452
2424
2338
2429
2459
2396
2386
2370
2450
2390
2422
2403
2399
2501
2418
2443
2403
2406
2349
2325
2407
2363
2523
2417
2387
2402
2376
2471
2389
2392
2403
2439
2463
2390
2383
2403
2340
2293
2383
2450
2377
2484
2398
2301
2392
2427
2408
2327
2466
2355
2513
2319
2321
2335
2406
2449
2394
2491
2404
2368
2461
2440
2355
2345
2378
2496
2360
2411
2340
2353
2476
2454
2352
2429
2429
2395
2433
2357
2458
2280
2345
2449
2302
2405
2399
2457
2361
2397
2457
2393
2373
2360
2445
2366
2382
2460
2383
2363
2421
2385
2361
2417
2384
2337
2443
2315
2443
2480
2438
2347
2415
2463
2423
2317
2361
2425
2494
2407
2400
2476
2363
2439
2474
2373
2443
2380
2372
2443
2418
2456
2405
2380
2426
2435
2391
2476
2389
2465
2340
2364
2427
2349
2419
2434
2475
2404
2462
2429
2455
2357
2486
2430
2403
2442
2386
2441
2346
2367
2424
2459
2398
2459
2384
2476
2450
2359
2315
2404
2502
2390
2394
2363
2376
2431
2362
2365
2365
2381
2447
2355
2405
2408
2428
2460
2351
2388
2403
2481
2405
2327
2388
2396
2428
2369
2389
2338
2356
2367
2394
2379
2451
2323
2483
2439
2419
2448
2415
2420
2412
2447
2382
2508
2456
2411
2424
2351
2402
2481
2398
2409
2344
2342
2402
2462
2433
2426
2394
2351
2490
2443
2357
2440
2376
2385
2341
2333
2415
2473
2381
2412
2393
2352
2369
2375
2468
2396
2481
2439
2338
2383
2391
2387
2430
2430
2410
2412
2384
2303
2381
2383
2420
2431
2438
2406
2318
2438
2424
2404
2396
2458
2397
2365
2390
2412
2380
2440
2491
2419
2491
2423
2378
2445
2385
2385
2387
2385
2390
2384
2358
2348
2341
2456
2441
2400
2374
2411
2429
2410
2381
2446
2433
2392
2334
2557
2414
2342
2431
2394
2400
2473
2455
2437
2470
2360
2427
2333
2394
2396
2456
2372
2415
2364
2373
2391
2387
2375
2450
2405
2322
2355
2443
2381
2518
2399
2486
2461
2440
2455
2334
2400
2374
2342
2426
2375
2465
2444
2406
2474
2396
2397
2389
2508
2362
2389
2409
2384
2381
2456
2346
2409
2352
2414
2381
2427
2387
2410
2404
2391
2355
2418
2454
2481
2309
2376
2452
2438
2468
2296
2515
2469
2419
2459
2431
2440
2481
2424
2324
2412
2324
2386
2347
2464
2458
2399
2517
2442
2415
2365
2504
2392
2346
2513
2432
2448
2398
2426
2382
2438
2312
2355
2425
2359
2424
2459
2354
2335
2399
2334
2298
2396
2362
2422
2339
2400
2312
2396
2406
2413
2382
2430
2494
2437
2458
2475
2403
2525
2444
2408
2458
2436
2344
2494
2383
2338
2454
2390
2353
2359
2357
2384
2454
2383
2317
2349
2382
2418
